-.27 
-.24 
-.25 
-.31 
-.37 
-.32 
-.23 
-.33 
-.26 
-.15 
-.35 
-.3 
-.34 
-.37 
-.33 
-.28 
-.12 
-.09 
-.26 
-.16 
-.07 
-.17 
-.3 
-.41 
-.45 
-.32 
-.24 
-.42 
-.44 
-.37 
-.35 
-.38 
-.31 
-.34 
-.18 
-.07 
-.31 
-.47 
-.38 
-.27 
-.23 
-.22 
-.31 
-.27 
-.29 
-.21 
-.04 
-.13 
-.16 
-.3 
-.12 
-.04 
-.11 
-.18 
-.11 
-.13 
-.09 
 .03 
 .07 
-.04 
-.03 
 .06 
 .04 
 .02 
 .18 
 .09 
-.08 
-.07 
-.08 
-.07 
-.12 
-.01 
 .07 
 .11 
-.12 
-.14 
-.19 
 .09 
 .13 
 .07 
 .03 
 .09 
 .07 
 .09 
-.16 
-.14 
-.02 
-.03 
-.06 
 .1 
 .03 
-.14 
 .02 
 .11 
-.11 
-.11 
-.18 
 .08 
 .01 
 .11 
 .15 
 .17 
 .12 
 .27 
 .11 
 .08 
 .14 
 .29 
