// boat race Oxford-Cambridge data from 1829-2000 (-9999.99 is "missing") \section 14.5
                   0
            -9999.99
            -9999.99
            -9999.99
            -9999.99
            -9999.99
            -9999.99
                   1
            -9999.99
            -9999.99
                   1
                   1
                   1
                   0
            -9999.99
            -9999.99
                   1
                   1
            -9999.99
            -9999.99
                   1
            -9999.99
            -9999.99
                   0
            -9999.99
                   0
            -9999.99
                   1
                   0
                   1
                   0
                   1
                   0
                   0
                   0
                   0
                   0
                   0
                   0
                   0
                   0
                   1
                   1
                   1
                   1
                   1
                   0
                   1
            -9999.99
                   0
                   1
                   0
                   0
                   0
                   0
                   1
                   0
                   1
                   1
                   1
                   1
                   0
                   0
                   0
                   0
                   0
                   0
                   0
                   0
                   0
                   1
                   1
                   0
                   1
                   1
                   1
                   0
                   1
                   1
                   1
                   0
                   0
                   0
                   0
                   0
                   1
            -9999.99
            -9999.99
            -9999.99
            -9999.99
            -9999.99
                   1
                   1
                   1
                   0
                   1
                   1
                   1
                   1
                   1
                   1
                   1
                   1
                   1
                   1
                   1
                   1
                   1
                   0
                   0
                   1
            -9999.99
            -9999.99
            -9999.99
            -9999.99
            -9999.99
            -9999.99
                   0
                   1
                   1
                   1
                   1
                   1
                   0
                   1
                   0
                   1
                   1
                   1
                   1
                   0
                   0
                   1
                   1
                   0
                   1
                   0
                   0
                   0
                   1
                   1
                   1
                   1
                   1
                   1
                   0
                   1
                   0
                   0
                   0
                   0
                   0
                   0
                   0
                   0
                   0
                   0
                   1
                   0
                   0
                   0
                   0
                   0
                   0
                   1
                   1
                   1
                   1
                   1
                   1
                   1
                   0