c(-2.92307692307692, -3.23076923076923, 3.15384615384615, 5.96153846153846, 
3.88461538461539, 7.03846153846153, 19, -7.84615384615384, -17.5384615384615, 
-2.73076923076923, 18.8461538461538, 7.34615384615384, 6.96153846153845, 
-2.69230769230768, -7.11538461538461, -4.42307692307693, 21.3846153846154, 
14.0384615384615, 6.96153846153845, -8.38461538461539, -4.65384615384616, 
-0.269230769230774, 6.23076923076923, 12.8076923076923, -5.53846153846155, 
12.8846153846154, 23.2307692307692, 27.5, 1.80769230769232, 6.53846153846155, 
-14.6538461538461, 28.4230769230769, 19.3076923076923, 9.11538461538464, 
-16.3076923076923, 28.6923076923077, -8.34615384615387, 37.6153846153846, 
-14.9615384615385, 34.1153846153846, 18.8076923076923, -2.61538461538464, 
31.1153846153846, 23.1153846153846, 67.5384615384615, -53.5, 
-12.6923076923076, -201.769230769231, -8.34615384615381, -186, 
-25.3461538461538, -175.5, -143.038461538461, -32.1153846153845, 
34.6538461538462, -23.1153846153846, 7.19230769230774, -43.5384615384615, 
2.92307692307691, -11.8461538461539, -13.6153846153846, 14.5, 
3.88461538461536, 24.9230769230769, -9.03846153846155, -5.92307692307691, 
22.6153846153846, 26.8461538461538, 11.5, 5.07692307692307, -11.1153846153846, 
3.07692307692307, -4.92307692307692, 2.76923076923077, -1.84615384615385, 
-4.03846153846154, 1.88461538461539, 8.03846153846153, -11, -16.8461538461538, 
-9.53846153846155, 10.2692307692308, -15.1538461538462, 4.34615384615384, 
3.96153846153845, 1.30769230769232, -2.11538461538461, -33.4230769230769, 
11.3846153846154, 4.03846153846155, 13.9615384615385, 40.6153846153846, 
44.3461538461538, -2.26923076923077, 31.2307692307692, 42.8076923076923, 
31.4615384615385, 19.8846153846154, 28.2307692307692, 1.5, 15.8076923076923, 
-30.4615384615385, -11.6538461538461, -4.57692307692309, 9.30769230769232, 
14.1153846153846, 33.6923076923077, 14.6923076923077, 15.6538461538461, 
9.61538461538464, 48.0384615384615, 21.1153846153846, 70.8076923076923, 
-4.61538461538464, -9.88461538461536, -30.8846153846154, -10.4615384615385, 
-35.5, -146.692307692308, -147.769230769231, -324.346153846154, 
-122, -137.346153846154, -191.5, -52.0384615384614, -114.115384615385, 
-162.346153846154, -9.11538461538464, 74.1923076923077, 2.46153846153845, 
67.9230769230769, 95.1538461538461, 54.3846153846154, 87.5, 103.884615384615, 
79.9230769230769, 84.9615384615385, 134.076923076923, 97.6153846153846, 
100.846153846154, 121.5, 103.076923076923, 86.8846153846154, 
117.076923076923, -1.92307692307692, 5.76923076923077, 7.15384615384615, 
3.96153846153846, -6.11538461538461, -10.9615384615385, -10, 
-23.8461538461538, -13.5384615384615, -27.7307692307692, 2.84615384615384, 
-28.6538461538462, -32.0384615384615, -7.69230769230768, -15.1153846153846, 
-25.4230769230769, -15.6153846153846, -14.9615384615385, -7.03846153846155, 
-16.3846153846154, 3.34615384615384, 0.730769230769226, 2.23076923076923, 
14.8076923076923, 13.4615384615385, 2.88461538461536, 62.2307692307692, 
66.5, 66.8076923076923, 78.5384615384615, 6.34615384615387, 10.4230769230769, 
69.3076923076923, -74.8846153846154, -64.3076923076923, -60.3076923076923, 
16.6538461538461, 24.6153846153846, 43.0384615384615, -8.88461538461536, 
-22.1923076923077, 65.3846153846154, -8.88461538461536, 35.1153846153846, 
39.5384615384615, 19.5, -27.6923076923076, -98.7692307692309, 
-157.346153846154, -327, -422.346153846154, -361.5, -256.038461538461, 
-371.115384615385, -294.346153846154, -192.115384615385, -187.807692307692, 
-109.538461538462, -82.0769230769231, -78.8461538461539, -84.6153846153846, 
-85.5, -98.1153846153846, -67.0769230769231, -102.038461538462, 
-46.9230769230769, -51.3846153846154, 27.8461538461538, 32.5, 
47.0769230769231, 40.8846153846154, 52.0769230769231, -1.92307692307692, 
-8.23076923076923, 9.15384615384615, -1.03846153846154, -7.11538461538461, 
-6.96153846153847, -13, -2.84615384615384, 9.46153846153845, 
6.26923076923077, 1.84615384615384, -39.6538461538462, -12.0384615384615, 
-14.6923076923077, -30.1153846153846, -46.4230769230769, -18.6153846153846, 
-17.9615384615385, -36.0384615384615, -22.3846153846154, 5.34615384615384, 
-18.2692307692308, -24.7692307692308, -40.1923076923077, -53.5384615384615, 
-78.1153846153846, -65.7692307692308, -77.5, -70.1923076923077, 
-102.461538461538, -72.6538461538461, -84.5769230769231, -96.6923076923077, 
-40.8846153846154, -48.3076923076923, -92.3076923076923, -68.3461538461539, 
-68.3846153846154, -91.9615384615385, -59.8846153846154, -78.1923076923077, 
-76.6153846153846, -32.8846153846154, -75.8846153846154, -71.4615384615385, 
-112.5, -79.6923076923076, -94.7692307692309, -156.346153846154, 
-125, -76.3461538461538, -144.5, -110.038461538461, -88.1153846153845, 
-106.346153846154, -82.1153846153846, -42.8076923076923, -17.5384615384615, 
-58.0769230769231, -16.8461538461539, -67.6153846153846, -59.5, 
-94.1153846153846, -97.0769230769231, -86.0384615384615, -129.923076923077, 
-83.3846153846154, -81.1538461538462, -120.5, -111.923076923077, 
-121.115384615385, -94.9230769230769, -3.92307692307692, 0.76923076923077, 
-5.84615384615385, 7.96153846153846, -12.1153846153846, 30.0384615384615, 
21, 5.15384615384616, 9.46153846153845, -12.7307692307692, -13.1538461538462, 
6.34615384615384, -9.03846153846155, -1.69230769230768, -11.1153846153846, 
7.57692307692307, -15.6153846153846, 1.03846153846155, 19.9615384615385, 
10.6153846153846, -14.6538461538462, 18.7307692307692, 7.23076923076923, 
11.8076923076923, 21.4615384615385, 4.88461538461536, -17.7692307692308, 
-19.5, -8.19230769230768, 3.53846153846155, 4.34615384615387, 
7.42307692307691, 18.3076923076923, 35.1153846153846, -21.3076923076923, 
-12.3076923076923, -18.3461538461539, 68.6153846153846, 4.03846153846155, 
-9.88461538461536, 8.80769230769232, -2.61538461538464, 6.11538461538464, 
45.1153846153846, 1.53846153846155, -148.5, -69.6923076923076, 
-147.769230769231, -146.346153846154, -126, -152.346153846154, 
-105.5, -112.038461538461, -44.1153846153845, -18.3461538461538, 
21.8846153846154, -0.807692307692264, 33.4615384615385, 31.9230769230769, 
18.1538461538461, 14.3846153846154, -32.5, 26.8846153846154, 
10.9230769230769, -26.0384615384615, -17.9230769230769, -37.3846153846154, 
-26.1538461538462, -53.5, -53.9230769230769, -52.1153846153846, 
-49.9230769230769, -2.92307692307692, -6.23076923076923, 3.15384615384615, 
0.96153846153846, 1.88461538461539, 2.03846153846153, -10, -6.84615384615384, 
7.46153846153845, 2.26923076923077, -9.15384615384616, -0.65384615384616, 
12.9615384615385, -10.6923076923077, -7.11538461538461, 22.5769230769231, 
20.3846153846154, -34.9615384615385, 0.961538461538453, -3.38461538461539, 
27.3461538461538, 12.7307692307692, 24.2307692307692, 8.80769230769232, 
-3.53846153846155, -8.11538461538464, 14.2307692307692, 52.5, 
-25.1923076923077, 20.5384615384615, 13.3461538461539, 0.423076923076906, 
-1.69230769230768, 45.1153846153846, 0.692307692307679, -18.3076923076923, 
-10.3461538461539, -1.38461538461536, -22.9615384615385, 20.1153846153846, 
-60.1923076923077, 34.3846153846154, -12.8846153846154, -10.8846153846154, 
-118.461538461538, -162.5, -223.692307692308, -19.7692307692309, 
-194.346153846154, -106, 29.6538461538462, -33.5, -69.0384615384614, 
-12.1153846153845, 24.6538461538462, 2.88461538461536, 2.19230769230774, 
40.4615384615385, 30.9230769230769, 7.15384615384613, 41.3846153846154, 
17.5, 78.8846153846154, 20.9230769230769, -6.03846153846155, 
5.07692307692309, -19.3846153846154, 19.8461538461538, -11.5, 
-10.9230769230769, -6.11538461538461, -10.9230769230769, 1.07692307692308, 
4.76923076923077, -0.846153846153847, 0.96153846153846, -1.11538461538461, 
-11.9615384615385, 7, 6.15384615384616, 2.46153846153845, -2.73076923076923, 
-13.1538461538462, 3.34615384615384, 5.96153846153845, -19.6923076923077, 
-23.1153846153846, 19.5769230769231, 25.3846153846154, 31.0384615384615, 
6.96153846153845, 0.615384615384613, 13.3461538461538, 28.7307692307692, 
42.2307692307692, -3.19230769230768, 25.4615384615385, -7.11538461538464, 
-0.769230769230774, -17.5, 6.80769230769232, -2.46153846153845, 
-16.6538461538461, 16.4230769230769, 17.3076923076923, 24.1153846153846, 
5.69230769230768, 60.6923076923077, 74.6538461538461, 49.6153846153846, 
-5.96153846153845, 17.1153846153846, 18.8076923076923, 8.38461538461536, 
-0.884615384615358, 48.1153846153846, -61.4615384615385, -140.5, 
-143.692307692308, -253.769230769231, -174.346153846154, -222, 
-187.346153846154, -194.5, -75.0384615384614, 20.8846153846155, 
28.6538461538462, 12.8846153846154, 35.1923076923077, 40.4615384615385, 
2.92307692307691, 82.1538461538461, 147.384615384615, 94.5, 107.884615384615, 
106.923076923077, 96.9615384615385, 123.076923076923, 100.615384615385, 
109.846153846154, 118.5, 111.076923076923, 118.884615384615, 
106.076923076923, 0.0769230769230766, -0.23076923076923, -3.84615384615385, 
1.96153846153846, -7.11538461538461, -4.96153846153847, -14, 
2.15384615384616, 1.46153846153845, -30.7307692307692, -22.1538461538462, 
-52.6538461538462, -15.0384615384615, -52.6923076923077, -19.1153846153846, 
-23.4230769230769, 27.3846153846154, 11.0384615384615, -13.0384615384615, 
5.61538461538461, 3.34615384615384, -6.26923076923077, -18.7692307692308, 
19.8076923076923, 35.4615384615385, 26.8846153846154, 48.2307692307692, 
37.5, 71.8076923076923, 32.5384615384615, 26.3461538461539, 40.4230769230769, 
29.3076923076923, 46.1153846153846, 60.6923076923077, 43.6923076923077, 
55.6538461538461, 42.6153846153846, 50.0384615384615, 45.1153846153846, 
29.8076923076923, 0.384615384615358, 4.11538461538464, -12.8846153846154, 
2.53846153846155, 45.5, -170.692307692308, -79.7692307692309, 
-255.346153846154, -469, -393.346153846154, -347.5, -319.038461538461, 
-281.115384615385, -151.346153846154, -89.1153846153846, -112.807692307692, 
-75.5384615384615, -103.076923076923, -80.8461538461539, -50.6153846153846, 
-33.5, 6.88461538461536, -13.0769230769231, -58.0384615384615, 
-20.9230769230769, -18.3846153846154, 12.8461538461538, 43.5, 
88.0769230769231, 115.884615384615, 92.0769230769231, -1.92307692307692, 
-1.23076923076923, -0.846153846153847, -0.0384615384615401, 3.88461538461539, 
3.03846153846153, -9, -6.84615384615384, -13.5384615384615, -15.7307692307692, 
-13.1538461538462, -26.6538461538462, -7.03846153846155, -39.6923076923077, 
-36.1153846153846, -58.4230769230769, -51.6153846153846, -46.9615384615385, 
-38.0384615384615, -44.3846153846154, -33.6538461538462, 1.73076923076923, 
-30.7692307692308, -55.1923076923077, -61.5384615384615, -53.1153846153846, 
-59.7692307692308, -92.5, -79.1923076923077, -65.4615384615385, 
-84.6538461538461, -81.5769230769231, -27.6923076923077, -76.8846153846154, 
-64.3076923076923, -83.3076923076923, -69.3461538461539, -48.3846153846154, 
-39.9615384615385, -61.8846153846154, -4.19230769230768, -76.6153846153846, 
-74.8846153846154, -83.8846153846154, -162.461538461538, -81.5, 
-142.692307692308, -136.769230769231, -26.3461538461538, -55, 
-190.346153846154, -46.5, -83.0384615384614, -12.1153846153845, 
-105.346153846154, 65.8846153846154, -28.8076923076923, -66.5384615384615, 
-67.0769230769231, -75.8461538461539, -81.6153846153846, -77.5, 
-93.1153846153846, -115.076923076923, -85.0384615384615, -98.9230769230769, 
-116.384615384615, -79.1538461538462, -103.5, -100.923076923077, 
-110.115384615385, -116.923076923077, 3.07692307692308, -1.23076923076923, 
-1.84615384615385, 0.96153846153846, -0.115384615384613, 2.03846153846153, 
2, 5.15384615384616, -1.53846153846155, -7.73076923076923, -7.15384615384616, 
19.3461538461538, -6.03846153846155, -25.6923076923077, -24.1153846153846, 
-24.4230769230769, 5.38461538461539, 19.0384615384615, -0.0384615384615472, 
0.615384615384613, -24.6538461538462, -31.2692307692308, -22.7692307692308, 
7.80769230769232, 2.46153846153845, -28.1153846153846, -0.769230769230774, 
-2.5, -12.1923076923077, 0.538461538461547, -38.6538461538461, 
-15.5769230769231, -1.69230769230768, -25.8846153846154, 14.6923076923077, 
42.6923076923077, -43.3461538461539, -36.3846153846154, -25.9615384615385, 
-10.8846153846154, -27.1923076923077, -7.61538461538464, -13.8846153846154, 
-34.8846153846154, -38.4615384615385, 6.5, -2.69230769230762, 
-64.7692307692309, -169.346153846154, -52, -42.3461538461538, 
-133.5, -61.0384615384614, -60.1153846153845, -24.3461538461538, 
-30.1153846153846, -4.80769230769226, 16.4615384615385, -3.07692307692309, 
-35.8461538461539, 4.38461538461536, -40.5, -43.1153846153846, 
-1.07692307692309, -17.0384615384615, -18.9230769230769, -4.38461538461536, 
-43.1538461538462, -52.5, -42.9230769230769, -59.1153846153846, 
-50.9230769230769, 0.0769230769230766, -5.23076923076923, -0.846153846153847, 
2.96153846153846, 8.88461538461539, -9.96153846153847, 6, 3.15384615384616, 
17.4615384615385, 14.2692307692308, -19.1538461538462, 13.3461538461538, 
11.9615384615385, -28.6923076923077, -28.1153846153846, 6.57692307692307, 
-10.6153846153846, -14.9615384615385, -6.03846153846155, -27.3846153846154, 
-22.6538461538462, 10.7307692307692, -10.7692307692308, -10.1923076923077, 
-15.5384615384615, -9.11538461538464, -52.7692307692308, 9.5, 
2.80769230769232, -28.4615384615385, 51.3461538461539, 28.4230769230769, 
-22.6923076923077, -14.8846153846154, 16.6923076923077, -16.3076923076923, 
16.6538461538461, -11.3846153846154, 17.0384615384615, -2.88461538461536, 
-52.1923076923077, -21.6153846153846, -43.8846153846154, -30.8846153846154, 
-71.4615384615385, 29.5, -186.692307692308, -172.769230769231, 
-85.3461538461538, -45, 80.6538461538462, 1.5, 59.9615384615386, 
40.8846153846155, 17.6538461538462, 4.88461538461536, 47.1923076923077, 
12.4615384615385, 57.9230769230769, 48.1538461538461, -14.6153846153846, 
91.5, 60.8846153846154, 64.9230769230769, 97.9615384615385, 11.0769230769231, 
20.6153846153846, 28.8461538461538, 51.5, 18.0769230769231, 31.8846153846154, 
10.0769230769231, -0.923076923076923, -3.23076923076923, -1.84615384615385, 
2.96153846153846, -2.11538461538461, 3.03846153846153, -15, 14.1538461538462, 
-6.53846153846155, -5.73076923076923, -29.1538461538462, 3.34615384615384, 
-0.0384615384615472, 17.3076923076923, -19.1153846153846, -20.4230769230769, 
21.3846153846154, 19.0384615384615, 21.9615384615385, 25.6153846153846, 
4.34615384615384, 11.7307692307692, 7.23076923076923, 1.80769230769232, 
-5.53846153846155, 50.8846153846154, -5.76923076923077, -14.5, 
44.8076923076923, -3.46153846153845, 31.3461538461539, 43.4230769230769, 
14.3076923076923, 62.1153846153846, 28.6923076923077, 30.6923076923077, 
-11.3461538461539, -15.3846153846154, 9.03846153846155, -13.8846153846154, 
-3.19230769230768, -4.61538461538464, 28.1153846153846, -39.8846153846154, 
-62.4615384615385, -36.5, -122.692307692308, -102.769230769231, 
-74.3461538461538, -192, -48.3461538461538, -107.5, -184.038461538461, 
-2.11538461538453, 16.6538461538462, -22.1153846153846, -8.80769230769226, 
34.4615384615385, 75.9230769230769, 71.1538461538461, 58.3846153846154, 
19.5, 23.8846153846154, 49.9230769230769, 100.961538461538, 110.076923076923, 
93.6153846153846, 121.846153846154, 90.5, 116.076923076923, 133.884615384615, 
79.0769230769231, -1.92307692307692, 3.76923076923077, 1.15384615384615, 
-2.03846153846154, 0.884615384615387, -15.9615384615385, -1, 
-2.84615384615384, -8.53846153846155, 1.26923076923077, -9.15384615384616, 
-9.65384615384616, -31.0384615384615, -25.6923076923077, -14.1153846153846, 
-56.4230769230769, -7.61538461538461, -6.96153846153845, -7.03846153846155, 
-20.3846153846154, 33.3461538461538, -8.26923076923077, 14.2307692307692, 
25.8076923076923, 30.4615384615385, 20.8846153846154, 17.2307692307692, 
9.5, 11.8076923076923, 39.5384615384615, 69.3461538461539, -10.5769230769231, 
-26.6923076923077, 57.1153846153846, 53.6923076923077, 8.69230769230768, 
-4.34615384615387, 15.6153846153846, 4.03846153846155, 2.11538461538464, 
60.8076923076923, -30.6153846153846, 108.115384615385, 59.1153846153846, 
31.5384615384615, 64.5, 64.3076923076924, 26.2307692307691, -128.346153846154, 
-152, -385.346153846154, -436.5, -272.038461538461, -264.115384615385, 
-220.346153846154, -186.115384615385, -49.8076923076923, -34.5384615384615, 
-86.0769230769231, -106.846153846154, -88.6153846153846, -74.5, 
-89.1153846153846, -57.0769230769231, -21.0384615384615, -31.9230769230769, 
18.6153846153846, 35.8461538461538, 31.5, 103.076923076923, 73.8846153846154, 
107.076923076923, 1.07692307692308, -3.23076923076923, -3.84615384615385, 
6.96153846153846, -1.11538461538461, -22.9615384615385, -14, 
22.1538461538462, -19.5384615384615, -14.7307692307692, -5.15384615384616, 
13.3461538461538, -34.0384615384615, -51.6923076923077, -25.1153846153846, 
-26.4230769230769, -21.6153846153846, -19.9615384615385, -45.0384615384615, 
-22.3846153846154, -19.6538461538462, -29.2692307692308, -52.7692307692308, 
-31.1923076923077, -42.5384615384615, -35.1153846153846, -53.7692307692308, 
-80.5, -52.1923076923077, -88.4615384615385, -45.6538461538461, 
-62.5769230769231, -50.6923076923077, -66.8846153846154, -68.3076923076923, 
-55.3076923076923, -79.3461538461539, -66.3846153846154, -46.9615384615385, 
-66.8846153846154, -81.1923076923077, -55.6153846153846, -46.8846153846154, 
-17.8846153846154, -92.4615384615385, -101.5, -93.6923076923076, 
-58.7692307692309, -103.346153846154, -67, 37.6538461538462, 
-54.5, -92.0384615384614, -71.1153846153845, -15.3461538461538, 
-60.1153846153846, -50.8076923076923, -82.5384615384615, -71.0769230769231, 
-85.8461538461539, -94.6153846153846, -85.5, -66.1153846153846, 
-96.0769230769231, -133.038461538462, -115.923076923077, -88.3846153846154, 
-114.153846153846, -94.5, -77.9230769230769, -117.115384615385, 
-99.9230769230769, 3.07692307692308, -4.23076923076923, 0.153846153846153, 
6.96153846153846, 10.8846153846154, 4.03846153846153, 4, 6.15384615384616, 
2.46153846153845, 6.26923076923077, 4.84615384615384, -19.6538461538462, 
-8.03846153846155, -7.69230769230768, 25.8846153846154, 2.57692307692307, 
0.384615384615387, 25.0384615384615, -4.03846153846155, -7.38461538461539, 
0.34615384615384, -19.2692307692308, 0.230769230769226, 3.80769230769232, 
-17.5384615384615, 3.88461538461536, -17.7692307692308, -19.5, 
-17.1923076923077, -37.4615384615385, -11.6538461538461, -47.5769230769231, 
-12.6923076923077, -17.8846153846154, 37.6923076923077, -15.3076923076923, 
10.6538461538461, 22.6153846153846, 28.0384615384615, -60.8846153846154, 
-21.1923076923077, -27.6153846153846, -37.8846153846154, 6.11538461538464, 
-1.46153846153845, 42.5, -81.6923076923076, -127.769230769231, 
-115.346153846154, -39, -78.3461538461538, -91.5, -6.03846153846143, 
14.8846153846155, 0.653846153846189, 13.8846153846154, 10.1923076923077, 
-20.5384615384615, 44.9230769230769, 62.1538461538461, -57.6153846153846, 
1.5, -21.1153846153846, 8.92307692307691, -11.0384615384615, 
-7.92307692307691, -19.3846153846154, -5.15384615384616, -35.5, 
-35.9230769230769, -38.1153846153846, -60.9230769230769, 0.0769230769230766, 
-2.23076923076923, 0.153846153846153, -6.03846153846154, -1.11538461538461, 
-11.9615384615385, -3, 2.15384615384616, 30.4615384615385, 10.2692307692308, 
27.8461538461538, 6.34615384615384, 16.9615384615385, 24.3076923076923, 
18.8846153846154, 13.5769230769231, 11.3846153846154, 26.0384615384615, 
38.9615384615385, 31.6153846153846, -2.65384615384616, -28.2692307692308, 
24.2307692307692, -7.19230769230768, -3.53846153846155, -2.11538461538464, 
-44.7692307692308, -30.5, 0.807692307692321, 45.5384615384615, 
-16.6538461538461, -12.5769230769231, -15.6923076923077, 20.1153846153846, 
35.6923076923077, 13.6923076923077, -32.3461538461539, 44.6153846153846, 
5.03846153846155, 19.1153846153846, -23.1923076923077, 28.3846153846154, 
-57.8846153846154, -51.8846153846154, -62.4615384615385, -97.5, 
-183.692307692308, -13.7692307692309, -5.34615384615381, -41, 
-176.346153846154, -56.5, -4.03846153846143, 59.8846153846155, 
0.653846153846189, 14.8846153846154, 11.1923076923077, 40.4615384615385, 
16.9230769230769, 17.1538461538461, 41.3846153846154, 30.5, 7.88461538461536, 
83.9230769230769, 51.9615384615385, 70.0769230769231, 27.6153846153846, 
33.8461538461538, -4.5, -11.9230769230769, -19.1153846153846, 
-5.92307692307693, -0.923076923076923, 2.76923076923077, -1.84615384615385, 
-10.0384615384615, -0.115384615384613, 2.03846153846153, 1, -6.84615384615384, 
-0.538461538461547, -10.7307692307692, 18.8461538461538, -17.6538461538462, 
5.96153846153845, -10.6923076923077, -19.1153846153846, -16.4230769230769, 
-29.6153846153846, -7.96153846153845, -19.0384615384615, -4.38461538461539, 
-46.6538461538462, -19.2692307692308, -65.7692307692308, -43.1923076923077, 
-41.5384615384615, -19.1153846153846, -48.7692307692308, -69.5, 
-27.1923076923077, -5.46153846153845, -5.65384615384613, -14.5769230769231, 
-56.6923076923077, -46.8846153846154, -57.3076923076923, -54.3076923076923, 
-47.3461538461539, -93.3846153846154, -11.9615384615385, -77.8846153846154, 
-32.1923076923077, 16.3846153846154, -15.8846153846154, -92.8846153846154, 
24.5384615384615, 6.5, 138.307692307692, 238.230769230769, 233.653846153846, 
267, 154.653846153846, 245.5, 96.9615384615386, 48.8846153846155, 
23.6538461538462, 10.8846153846154, -27.8076923076923, -10.5384615384615, 
-29.0769230769231, -26.8461538461539, -11.6153846153846, -48.5, 
-36.1153846153846, -70.0769230769231, -95.0384615384615, -90.9230769230769, 
-122.384615384615, -102.153846153846, -93.5, -80.9230769230769, 
-90.1153846153846, -85.9230769230769, 2.07692307692308, -11.2307692307692, 
-12.8461538461538, -14.0384615384615, -7.11538461538461, 17.0384615384615, 
1, -11.8461538461538, -6.53846153846155, 14.2692307692308, -14.1538461538462, 
45.3461538461538, -17.0384615384615, 20.3076923076923, 1.88461538461539, 
11.5769230769231, -7.61538461538461, 22.0384615384615, 20.9615384615385, 
8.61538461538461, -11.6538461538462, 18.7307692307692, 10.2307692307692, 
-32.1923076923077, 37.4615384615385, -50.1153846153846, 25.2307692307692, 
25.5, -20.1923076923077, -3.46153846153845, -7.65384615384613, 
21.4230769230769, 29.3076923076923, -15.8846153846154, -16.3076923076923, 
24.6923076923077, 34.6538461538461, 19.6153846153846, 33.0384615384615, 
38.1153846153846, 26.8076923076923, 37.3846153846154, 29.1153846153846, 
9.11538461538464, 99.5384615384615, 114.5, 344.307692307692, 
186.230769230769, 226.653846153846, 223, 251.653846153846, 363.5, 
170.961538461539, 140.884615384615, 166.653846153846, 147.884615384615, 
72.1923076923077, 94.4615384615385, 102.923076923077, 30.1538461538461, 
32.3846153846154, 57.5, 21.8846153846154, 44.9230769230769, 5.96153846153845, 
-12.9230769230769, 22.6153846153846, -21.1538461538462, -50.5, 
-46.9230769230769, -36.1153846153846, -22.9230769230769, 2.07692307692308, 
0.76923076923077, 10.1538461538462, 0.96153846153846, -4.11538461538461, 
0.038461538461533, 10, 2.15384615384616, -4.53846153846155, 12.2692307692308, 
-1.15384615384616, -21.6538461538462, -9.03846153846155, -12.6923076923077, 
-28.1153846153846, 11.5769230769231, 12.3846153846154, 7.03846153846155, 
9.96153846153845, 24.6153846153846, 26.3461538461538, 14.7307692307692, 
13.2307692307692, 17.8076923076923, 22.4615384615385, 64.8846153846154, 
34.2307692307692, 39.5, 6.80769230769232, 55.5384615384615, 24.3461538461539, 
49.4230769230769, 53.3076923076923, 23.1153846153846, 15.6923076923077, 
54.6923076923077, 55.6538461538461, 29.6153846153846, -15.9615384615385, 
78.1153846153846, 6.80769230769232, 67.3846153846154, 71.1153846153846, 
30.1153846153846, 42.5384615384615, 48.5, 86.3076923076924, 283.230769230769, 
172.653846153846, 300, 153.653846153846, 322.5, 231.961538461539, 
114.884615384615, 126.653846153846, 93.8846153846154, 54.1923076923077, 
65.4615384615385, 13.9230769230769, 70.1538461538461, 91.3846153846154, 
47.5, 74.8846153846154, 58.9230769230769, 74.9615384615385, 65.0769230769231, 
77.6153846153846, 23.8461538461538, 56.5, 22.0769230769231, 8.88461538461539, 
-25.9230769230769, -0.923076923076923, 2.76923076923077, -0.846153846153847, 
-3.03846153846154, 5.88461538461539, -3.96153846153847, 10, -9.84615384615384, 
17.4615384615385, -6.73076923076923, 26.8461538461538, 15.3461538461538, 
34.9615384615385, 269.307692307692, 293.884615384615, 201.576923076923, 
51.3846153846154, 1.03846153846155, 38.9615384615385, 15.6153846153846, 
8.34615384615384, 0.730769230769226, 54.2307692307692, -0.192307692307679, 
8.46153846153845, 86.8846153846154, 30.2307692307692, 111.5, 
28.8076923076923, 64.5384615384615, 45.3461538461539, 16.4230769230769, 
33.3076923076923, 9.11538461538464, 10.6923076923077, 64.6923076923077, 
58.6538461538461, 54.6153846153846, 11.0384615384615, 22.1153846153846, 
-17.1923076923077, 113.384615384615, 64.1153846153846, 31.1153846153846, 
46.5384615384615, 0.5, 33.3076923076924, 236.230769230769, 114.653846153846, 
182, 110.653846153846, 171.5, 271.961538461539, 131.884615384615, 
140.653846153846, 38.8846153846154, 49.1923076923077, 84.4615384615385, 
117.923076923077, 121.153846153846, 122.384615384615, 123.5, 
133.884615384615, 94.9230769230769, 111.961538461538, 108.076923076923, 
129.615384615385, 50.8461538461538, 114.5, 77.0769230769231, 
110.884615384615, 147.076923076923, -1.92307692307692, -0.23076923076923, 
1.15384615384615, 3.96153846153846, -5.11538461538461, -3.96153846153847, 
-2, -0.84615384615384, -2.53846153846155, 4.26923076923077, 8.84615384615384, 
-14.6538461538462, 12.9615384615385, -13.6923076923077, -51.1153846153846, 
-8.42307692307693, -19.6153846153846, -17.9615384615385, -20.0384615384615, 
-22.3846153846154, -12.6538461538462, -27.2692307692308, -31.7692307692308, 
-39.1923076923077, -78.5384615384615, -63.1153846153846, -30.7692307692308, 
-69.5, -25.1923076923077, -38.4615384615385, -18.6538461538461, 
-80.5769230769231, -30.6923076923077, -58.8846153846154, -49.3076923076923, 
-62.3076923076923, -20.3461538461539, -86.3846153846154, -40.9615384615385, 
12.1153846153846, -34.1923076923077, -87.6153846153846, -88.8846153846154, 
-68.8846153846154, -74.4615384615385, 61.5, 46.3076923076924, 
85.2307692307691, 115.653846153846, 434, 204.653846153846, 168.5, 
99.9615384615386, 82.8846153846155, 60.6538461538462, -26.1153846153846, 
5.19230769230774, -48.5384615384615, -14.0769230769231, -5.84615384615387, 
-9.61538461538464, -11.5, -47.1153846153846, -63.0769230769231, 
-56.0384615384615, -50.9230769230769, -39.3846153846154, -71.1538461538462, 
-73.5, -82.9230769230769, -102.115384615385, -98.9230769230769, 
5.07692307692308, 13.7692307692308, 0.153846153846153, -6.03846153846154, 
10.8846153846154, 13.0384615384615, -4, 12.1538461538462, -9.53846153846155, 
35.2692307692308, 24.8461538461538, 18.3461538461538, -1.03846153846155, 
-5.69230769230768, -0.115384615384613, 7.57692307692307, -0.615384615384613, 
0.0384615384615472, -0.0384615384615472, 30.6153846153846, 4.34615384615384, 
-1.26923076923077, 37.2307692307692, 8.80769230769232, 5.46153846153845, 
17.8846153846154, 0.230769230769226, 42.5, -26.1923076923077, 
24.5384615384615, 29.3461538461539, 31.4230769230769, 16.3076923076923, 
17.1153846153846, 11.6923076923077, -2.30769230769232, 20.6538461538461, 
7.61538461538464, -19.9615384615385, -30.8846153846154, 35.8076923076923, 
-30.6153846153846, 79.1153846153846, 60.1153846153846, 117.538461538462, 
97.5, 211.307692307692, 56.2307692307691, 344.653846153846, 322, 
161.653846153846, 340.5, 196.961538461539, 185.884615384615, 
230.653846153846, 180.884615384615, 122.192307692308, 87.4615384615385, 
67.9230769230769, 62.1538461538461, 52.3846153846154, 40.5, 34.8846153846154, 
21.9230769230769, 45.9615384615385, -7.92307692307691, -5.38461538461536, 
-32.1538461538462, -7.5, -33.9230769230769, -56.1153846153846, 
-54.9230769230769, 7.07692307692308, 6.76923076923077, 3.15384615384615, 
-5.03846153846154, 10.8846153846154, 3.03846153846153, 11, 3.15384615384616, 
20.4615384615385, 31.2692307692308, 58.8461538461538, 31.3461538461538, 
8.96153846153845, 8.30769230769232, 0.884615384615387, 28.5769230769231, 
-3.61538461538461, 5.03846153846155, -7.03846153846155, 44.6153846153846, 
8.34615384615384, 42.7307692307692, -11.7692307692308, 41.8076923076923, 
29.4615384615385, 31.8846153846154, 42.2307692307692, 58.5, 21.8076923076923, 
-5.46153846153845, 43.3461538461539, 22.4230769230769, 12.3076923076923, 
56.1153846153846, 13.6923076923077, 60.6923076923077, 8.65384615384613, 
50.6153846153846, 34.0384615384615, 20.1153846153846, 25.8076923076923, 
58.3846153846154, -18.8846153846154, 76.1153846153846, 125.538461538462, 
138.5, 237.307692307692, 155.230769230769, 353.653846153846, 
234, 359.653846153846, 334.5, 295.961538461539, 313.884615384615, 
194.653846153846, 230.884615384615, 107.192307692308, 69.4615384615385, 
-7.07692307692309, 7.15384615384613, 31.3846153846154, 38.5, 
63.8846153846154, 36.9230769230769, 116.961538461538, 109.076923076923, 
50.6153846153846, 15.8461538461538, 19.5, 23.0769230769231, 2.88461538461539, 
-2.92307692307693, 5.07692307692308, 4.76923076923077, 0.153846153846153, 
2.96153846153846, -1.11538461538461, 15.0384615384615, 9, 38.1538461538462, 
4.46153846153845, 4.26923076923077, 7.84615384615384, 17.3461538461538, 
34.9615384615385, -11.6923076923077, 32.8846153846154, 22.5769230769231, 
32.3846153846154, 25.0384615384615, 32.9615384615385, 0.615384615384613, 
11.3461538461538, -0.269230769230774, 0.230769230769226, 36.8076923076923, 
11.4615384615385, 24.8846153846154, 21.2307692307692, 7.5, 40.8076923076923, 
31.5384615384615, 31.3461538461539, 47.4230769230769, 67.3076923076923, 
33.1153846153846, 38.6923076923077, 59.6923076923077, 40.6538461538461, 
51.6153846153846, 55.0384615384615, 29.1153846153846, 95.8076923076923, 
4.38461538461536, 77.1153846153846, 130.115384615385, 132.538461538462, 
110.5, 287.307692307692, 396.230769230769, 532.653846153846, 
476, 672.653846153846, 467.5, 370.961538461539, 306.884615384615, 
33.6538461538462, -19.1153846153846, -87.8076923076923, -58.5384615384615, 
-60.0769230769231, -108.846153846154, -79.6153846153846, -75.5, 
-33.1153846153846, -55.0769230769231, -19.0384615384615, -14.9230769230769, 
8.61538461538464, -6.15384615384616, 60.5, 41.0769230769231, 
70.8846153846154, 58.0769230769231, -0.923076923076923, -4.23076923076923, 
6.15384615384615, 6.96153846153846, 2.88461538461539, 6.03846153846153, 
16, -8.84615384615384, -24.5384615384615, 9.26923076923077, -34.1538461538462, 
17.3461538461538, 12.9615384615385, 10.3076923076923, -16.1153846153846, 
-0.423076923076934, -15.6153846153846, -0.961538461538453, 2.96153846153845, 
-19.3846153846154, 12.3461538461538, 51.7307692307692, 4.23076923076923, 
32.8076923076923, 61.4615384615385, 15.8846153846154, 81.2307692307692, 
31.5, 52.8076923076923, 21.5384615384615, 19.3461538461539, 59.4230769230769, 
20.3076923076923, -4.88461538461536, 25.6923076923077, 2.69230769230768, 
53.6538461538461, -6.38461538461536, 25.0384615384615, 100.115384615385, 
48.8076923076923, 57.3846153846154, 38.1153846153846, 19.1153846153846, 
29.5384615384615, 158.5, 267.307692307692, 50.2307692307691, 
166.653846153846, -66, 26.6538461538462, -2.5, -96.0384615384614, 
-179.115384615385, -53.3461538461538, -149.115384615385, 22.1923076923077, 
-34.5384615384615, -20.0769230769231, -41.8461538461539, -35.6153846153846, 
-24.5, -56.1153846153846, 14.9230769230769, -11.0384615384615, 
18.0769230769231, 10.6153846153846, 40.8461538461538, 50.5, 35.0769230769231, 
126.884615384615, 120.076923076923, -1.92307692307692, 4.76923076923077, 
-7.84615384615385, -6.03846153846154, -7.11538461538461, -11.9615384615385, 
-10, -15.8461538461538, 15.4615384615385, -23.7307692307692, 
2.84615384615384, 9.34615384615384, 11.9615384615385, -7.69230769230768, 
1.88461538461539, -11.4230769230769, -22.6153846153846, -26.9615384615385, 
-13.0384615384615, -21.3846153846154, -12.6538461538462, -22.2692307692308, 
-8.76923076923077, -26.1923076923077, -7.53846153846155, -32.1153846153846, 
-28.7692307692308, -27.5, -11.1923076923077, -13.4615384615385, 
-50.6538461538461, -8.57692307692309, -65.6923076923077, -6.88461538461536, 
1.69230769230768, -38.3076923076923, -49.3461538461539, -95.3846153846154, 
-28.9615384615385, -53.8846153846154, 8.80769230769232, -62.6153846153846, 
-71.8846153846154, -20.8846153846154, 66.5384615384615, 25.5, 
-27.6923076923076, 8.23076923076906, -136.346153846154, -46, 
71.6538461538462, 67.5, 138.961538461539, 68.8846153846155, 50.6538461538462, 
47.8846153846154, -16.8076923076923, -19.5384615384615, -34.0769230769231, 
-15.8461538461539, -1.61538461538464, -15.5, -73.1153846153846, 
-89.0769230769231, -53.0384615384615, -80.9230769230769, -75.3846153846154, 
-68.1538461538462, -101.5, -98.9230769230769, -104.115384615385, 
-109.923076923077)
